
0 35
1 33.5
2 32.5
3 32.5
4 33
5 34
6 33.5
7 33
8 32.5
9 33
10 32.5
11 33
12 32.5
13 33
14 32.5
15 33
16 32.5
17 33
18 32.5
19 33
20 32.5
21 33
22 32.5
23 33
24 32.5
25 33
26 32.5
27 33
28 32.5
29 33
30 32.5
31 33
32 32.5
33 33
34 32.5
35 33
36 32.5
37 33
38 32.5
39 33
40 32.5
41 33
42 32.5
43 33
44 32.5
45 33
46 32.5
47 33
48 32.5
49 33
50 32.5
51 33
52 32.5
53 33
54 32.5
55 33
56 32.5
57 33
58 32.5
59 33
60 32.5
61 33
62 32.5
63 33
64 32.5
65 33
66 32.5
67 33
68 32.5
69 33
70 32.5
71 33
72 32.5
73 33
74 32.5
75 33
76 32.5
77 33
78 32.5
79 33
80 32.5
81 33
82 32.5
83 33
84 32.5
85 33
86 32.5
87 33
88 32.5
89 33
90 32.5
91 33
92 32.5
93 33
94 32.5
95 33
96 32.5
97 33
98 32.5
99 33
100 32.5
